Wavelength (Angstroms), Normalized intensity, Element
6062.0, 9899, 
6063.0, 9798, 
6064.0, 9720, 
6065.0, 9887, 
6066.0, 9896, 
6067.0, 9911, 
6068.0, 9846, 
6069.0, 9918, 
6070.0, 9831, 
6071.0, 9896, 
6072.0, 9888, 
6073.0, 9907, 
6074.0, 9849, 
6075.0, 9870, 
6076.0, 9851, 
6077.0, 9675, 
6078.0, 9883, 
6079.0, 5896, 
6080.0, 9741, 
6081.0, 9929, 
6082.0, 9904, 
6083.0, 9928, 
6084.0, 9841, 
6085.0, 9886, 
6086.0, 9920, 
6087.0, 9865, 
6088.0, 9729, 
6089.0, 9797, 
6090.0, 9866, 
6091.0, 9896, 
6092.0, 9018, 
6093.0, 9895, 
6094.0, 9911, 
6095.0, 9906, 
6096.0, 9882, 
6097.0, 9902, 
6098.0, 9908, 
6099.0, 9877, 
6100.0, 9905, 
6101.0, 9848, 
6102.0, 9655, 
6103.0, 9539, 
6104.0, 9893, 
6105.0, 9916, 
6106.0, 9884, 
6107.0, 9852, 
6108.0, 9680, 
6109.0, 9819, 
6110.0, 9894, 
6111.0, 9262, 
6112.0, 9877, 
6113.0, 9572, 
6114.0, 9914, 
6115.0, 9932, 
6116.0, 9527, 
6117.0, 9413, 
6118.0, 9900, 
6119.0, 9890, 
6120.0, 9872, 
6121.0, 9531, 
6122.0, 8676, 
6123.0, 9749, 
6124.0, 9847, 
6125.0, 7997, 
6126.0, 9874, 
6127.0, 9906, 
6128.0, 9249, 
6129.0, 7756, 
6130.0, 9872, 
6131.0, 9868, 
6132.0, 9713, 
6133.0, 9903, 
6134.0, 9551, 
6135.0, 9896, 
6136.0, 9838, 
6137.0, 3855, 
6138.0, 9675, 
6139.0, 9830, 
6140.0, 9891, 
6141.0, 9748, 
6142.0, 9636, 
6143.0, 9898, 
6144.0, 9916, 
6145.0, 7248, 
6146.0, 9883, 
6147.0, 9879, 
6148.0, 9870, 
6149.0, 9711, 
6150.0, 9865, 
6151.0, 9898, 
6152.0, 9916, 
6153.0, 9910, 
6154.0, 9819, 
6155.0, 9212, 
6156.0, 9132, 
6157.0, 9884, 
6158.0, 9826, 
6159.0, 9858, 
6160.0, 9869, 
6161.0, 9768, 
6162.0, 7368, 
6163.0, 9715, 
6164.0, 9819, 
6165.0, 9873, 
6166.0, 9824, 
6167.0, 9894, 
6168.0, 9864, 
6169.0, 4826, 
6170.0, 9548, 
6171.0, 9544, 
6172.0, 9828, 
6173.0, 9850, 
6174.0, 9906, 
6175.0, 9854, 
6176.0, 9864, 
6177.0, 9700, 
6178.0, 9870, 
6179.0, 9850, 
6180.0, 9446, 
6181.0, 9869, 
6182.0, 9788, 
6183.0, 9805, 
6184.0, 9784, 
6185.0, 9846, 
6186.0, 9873, 
6187.0, 9889, 
6188.0, 5674, 
6189.0, 9365, 
6190.0, 9895, 
6191.0, 9761, 
6192.0, 9801, 
6193.0, 9854, 
6194.0, 9845, 
6195.0, 9831, 
6196.0, 9904, 
6197.0, 9913, 
6198.0, 9894, 
6199.0, 9892, 
6200.0, 9893, 
6201.0, 9809, 
6202.0, 9909, 
6203.0, 9881, 
6204.0, 9885, 
6205.0, 9889, 
6206.0, 9895, 
6207.0, 9889, 
6208.0, 9875, 
6209.0, 9871, 
6210.0, 9903, 
6211.0, 9902, 
6212.0, 9613, 
6213.0, 9857, 
6214.0, 9832, 
6215.0, 9113, 
6216.0, 9845, 
6217.0, 9891, 
6218.0, 9899, 
6219.0, 9861, 
6220.0, 9720, 
6221.0, 9870, 
6222.0, 9891, 
6223.0, 9876, 
6224.0, 7425, 
6225.0, 9845, 
6226.0, 9891, 
6227.0, 9891, 
6228.0, 9879, 
6229.0, 9880, 
6230.0, 9679, 
6231.0, 9359, 
6232.0, 9896, 
6233.0, 9850, 
6234.0, 9855, 
6235.0, 9879, 
6236.0, 9852, 
6237.0, 9784, 
6238.0, 9831, 
6239.0, 9870, 
6240.0, 9405, 
6241.0, 9875, 
6242.0, 9866, 
6243.0, 9798, 
6244.0, 9604, 
6245.0, 9859, 
6246.0, 9718, 
6247.0, 9833, 
6248.0, 9839, 
6249.0, 9720, 
6250.0, 9838, 
6251.0, 9890, 
6252.0, 9877, 
6253.0, 9867, 
6254.0, 9651, 
6255.0, 9856, 
6256.0, 9009, 
6257.0, 9871, 
6258.0, 9728, 
6259.0, 9812, 
6260.0, 9858, 
6261.0, 9705, 
6262.0, 9789, 
6263.0, 9881, 
6264.0, 9870, 
6265.0, 9628, 
6266.0, 9798, 
6267.0, 9854, 
6268.0, 9860, 
6269.0, 9845, 
6270.0, 9494, 
6271.0, 9835, 
6272.0, 9777, 
6273.0, 9771, 
6274.0, 9743, 
6275.0, 9882, 
6276.0, 9913, 
6276.61, 8049, O2  a 
6277.61, 8883, 
6278.61, 9881, 
6279.61, 9830, 
6280.61, 4153, 
6281.61, 9852, 
6282.61, 8980, 
6283.61, 9890, 
6284.61, 9853, 
6285.61, 9896, 
6286.61, 9895, 
6287.61, 9823, 
6288.61, 9899, 
6289.61, 9879, 
6290.61, 9738, 
6291.61, 9865, 
6292.61, 9703, 
6293.61, 9806, 
6294.61, 9847, 
6295.61, 9896, 
6296.61, 9796, 
6297.61, 9875, 
6298.61, 9885, 
6299.61, 7894, 
6300.61, 9796, 
6301.61, 7884, 
6302.61, 8996, 
6303.61, 9896, 
6304.61, 9908, 
6305.61, 9715, 
6306.61, 9586, 
6307.61, 9822, 
6308.61, 9889, 
6309.61, 9880, 
6310.61, 7794, 
6311.61, 9715, 
6312.61, 9900, 
6313.61, 9888, 
6314.61, 6855, 
6315.61, 9881, 
6316.61, 9628, 
6317.61, 9718, 
6318.61, 9061, 
6319.61, 9611, 
6320.61, 9893, 
6321.61, 9907, 
6322.61, 8667, 
6323.61, 9899, 
6324.61, 9852, 
6325.61, 9897, 
6326.61, 9897, 
6327.61, 6335, 
6328.61, 9909, 
6329.61, 9557, 
6330.61, 9871, 
6331.61, 9891, 
6332.61, 9895, 
6333.61, 9864, 
6334.61, 9891, 
6335.61, 9806, 
6336.61, 9604, 
6337.61, 9897, 
6338.61, 9876, 
6339.61, 9906, 
6340.61, 9891, 
6341.61, 9818, 
6342.61, 9710, 
6343.61, 9587, 
6344.61, 9752, 
6345.61, 9848, 
6346.61, 9843, 
6347.61, 9856, 
6348.61, 9896, 
6349.61, 9866, 
6350.61, 9820, 
6351.61, 9869, 
6352.61, 9841, 
6353.61, 9810, 
6354.61, 9763, 
6355.61, 9822, 
6356.61, 9868, 
6357.61, 9891, 
6358.61, 7059, 
6359.61, 9755, 
6360.61, 9623, 
6361.61, 9511, 
6362.61, 9544, 
6363.61, 9752, 
6364.61, 9525, 
6365.61, 9853, 
6366.61, 9712, 
6367.61, 9890, 
6368.61, 9829, 
6369.61, 9827, 
6370.61, 9742, 
6371.61, 9701, 
6372.61, 9876, 
6373.61, 9859, 
6374.61, 9855, 
6375.61, 9844, 
6376.61, 9895, 
6377.61, 9838, 
6378.61, 9866, 
6379.61, 9810, 
6380.61, 9752, 
6381.61, 9814, 
6382.61, 9822, 
6383.61, 9789, 
6384.61, 8879, 
6385.61, 9835, 
6386.61, 9871, 
6387.61, 9869, 
6388.61, 9880, 
6389.61, 9878, 
6390.61, 9865, 
6391.61, 9873, 
6392.61, 9545, 
6393.61, 2587, 
6394.61, 9855, 
6395.61, 9871, 
6396.61, 9861, 
6397.61, 9871, 
6398.61, 9892, 
6399.61, 9409, 
6400.61, 9670, 
6401.61, 9873, 
6402.61, 9866, 
6403.61, 9807, 
6404.61, 9883, 
6405.61, 9585, 
6406.61, 9899, 
6407.61, 9632, 
6408.61, 9510, 
6409.61, 9893, 
6410.61, 9862, 
6411.61, 4313, 
6412.61, 9868, 
6413.61, 9788, 
6414.61, 8425, 
6415.61, 9766, 
6416.61, 9868, 
6417.61, 9670, 
6418.61, 9860, 
6419.61, 9303, 
6420.61, 9891, 
6421.61, 9589, 
6422.61, 9896, 
6423.61, 9889, 
6424.61, 9891, 
6425.61, 9824, 
6426.61, 9840, 
6427.61, 9901, 
6428.61, 9869, 
6429.61, 9849, 
6430.61, 9728, 
6431.61, 9820, 
6432.61, 8921, 
6433.61, 9794, 
6434.61, 9844, 
6435.61, 9897, 
6436.61, 9857, 
6437.61, 9677, 
6438.61, 9736, 
6439.61, 9739, 
6440.61, 9800, 
6441.61, 9853, 
6442.61, 9884, 
6443.61, 9839, 
6444.61, 9840, 
6445.61, 9881, 
6446.61, 9876, 
6447.61, 9902, 
6448.61, 9816, 
6449.61, 9668, 
6450.61, 9802, 
6451.61, 9747, 
6452.61, 9883, 
6453.61, 9735, 
6454.61, 9878, 
6455.61, 5082, 
6456.61, 9783, 
6457.61, 9866, 
6458.61, 9871, 
6459.61, 9873, 
6460.61, 9896, 
6461.61, 9857, 
6462.61, 2653, 
6463.61, 9866, 
6464.61, 9575, 
6465.61, 9890, 
6466.61, 9852, 
6467.61, 9895, 
6468.61, 9901, 
6469.61, 9837, 
6470.61, 9844, 
6471.61, 5780, 
6472.61, 9878, 
6473.61, 9892, 
6474.61, 9834, 
6475.61, 5581, 
6476.61, 9856, 
6477.61, 9878, 
6478.61, 9858, 
6479.61, 9876, 
6480.61, 9890, 
6481.61, 9862, 
6482.61, 9858, 
6483.61, 9842, 
6484.61, 9855, 
6485.61, 9872, 
6486.61, 9832, 
6487.61, 9883, 
6488.61, 9866, 
6489.61, 9791, 
6490.61, 9751, 
6491.61, 7880, 
6492.61, 9869, 
6493.61, 9403, 
6494.61, 9408, 
6495.61, 9662, 
6496.61, 9486, 
6497.61, 9833, 
6498.61, 9860, 
6499.61, 5415, 
6500.61, 9895, 
6501.61, 9394, 
6502.61, 9869, 
6503.61, 9841, 
6504.61, 9870, 
6505.61, 9864, 
6506.61, 9836, 
6507.61, 9867, 
6508.61, 9834, 
6509.61, 9545, 
6510.61, 9891, 
6511.61, 9874, 
6512.61, 9828, 
6513.61, 9844, 
6514.61, 9861, 
6515.61, 9840, 
6516.61, 9697, 
6517.61, 9877, 
6518.61, 9723, 
6519.61, 9869, 
6520.61, 9879, 
6521.61, 9888, 
6522.61, 9842, 
6523.61, 9822, 
6524.61, 9894, 
6525.61, 9895, 
6526.61, 8695, 
6527.61, 9764, 
6528.61, 9578, 
6529.61, 9855, 
6530.61, 9826, 
6531.61, 9874, 
6532.61, 9834, 
6533.61, 9862, 
6534.61, 9854, 
6535.61, 9837, 
6536.61, 9795, 
6537.61, 9872, 
6538.61, 9678, 
6539.61, 9874, 
6540.61, 9858, 
6541.61, 9855, 
6542.61, 9859, 
6543.61, 9819, 
6544.61, 9818, 
6545.61, 9749, 
6546.61, 9730, 
6547.61, 9648, 
6548.61, 8917, 
6549.61, 9702, 
6550.61, 9637, 
6551.61, 9517, 
6552.61, 8860, 
6553.61, 9455, 
6554.61, 9317, 
6555.61, 8910, 
6556.61, 9043, 
6557.61, 8854, 
6558.61, 8573, 
6559.61, 7398, 
6560.61, 6950, 
6561.61, 6853, 
6562.61, 1839, 
6562.81, 1605, Hα  C 
6563.81, 6520, 
6564.81, 7542, 
6565.81, 8087, 
6566.81, 8435, 
6567.81, 8683, 
6568.81, 8850, 
6569.81, 9044, 
6570.81, 8957, 
6571.81, 9340, 
6572.81, 7353, 
6573.81, 9516, 
6574.81, 9426, 
6575.81, 9644, 
6576.81, 9672, 
6577.81, 9717, 
6578.81, 9699, 
6579.81, 9756, 
6580.81, 9714, 
6581.81, 9812, 
6582.81, 9836, 
6583.81, 9671, 
6584.81, 9854, 
6585.81, 9876, 
6586.81, 9821, 
6587.81, 9771, 
6588.81, 9907, 
6589.81, 9879, 
6590.81, 9876, 
6591.81, 9868, 
6592.81, 8452, 
6593.81, 7300, 
6594.81, 9854, 
6595.81, 9678, 
6596.81, 9869, 
6597.81, 9865, 
6598.81, 9883, 
6599.81, 9859, 
6600.81, 9842, 
6601.81, 9881, 
6602.81, 9886, 
6603.81, 9884, 
6604.81, 9852, 
6605.81, 9734, 
6606.81, 9860, 
6607.81, 9850, 
6608.81, 9873, 
6609.81, 9802, 
6610.81, 9795, 
6611.81, 9881, 
6612.81, 9889, 
6613.81, 9310, 
6614.81, 9879, 
6615.81, 9895, 
6616.81, 9817, 
6617.81, 9753, 
6618.81, 9887, 
6619.81, 9872, 
6620.81, 9889, 
6621.81, 9899, 
6622.81, 9891, 
6623.81, 9747, 
6624.81, 9712, 
6625.81, 9888, 
6626.81, 9886, 
6627.81, 9878, 
6628.81, 9847, 
6629.81, 9866, 
6630.81, 9838, 
6631.81, 9737, 
6632.81, 9871, 
6633.81, 7245, 
6634.81, 9831, 
6635.81, 9767, 
6636.81, 9856, 
6637.81, 9830, 
6638.81, 9877, 
6639.81, 9492, 
6640.81, 9877, 
6641.81, 9895, 
6642.81, 9869, 
6643.81, 9753, 
6644.81, 9887, 
6645.81, 9899, 
6646.81, 9852, 
6647.81, 9768, 
6648.81, 9861, 
6649.81, 9894, 
6650.81, 9894, 
6651.81, 9882, 
6652.81, 9903, 
6653.81, 9483, 
6654.81, 9894, 
6655.81, 9898, 
6656.81, 9860, 
6657.81, 9889, 
6658.81, 9903, 
6659.81, 9641, 
6660.81, 9851, 
6661.81, 9857, 
6662.81, 9824, 
6663.81, 9828, 
6664.81, 9852, 
6665.81, 9770, 
6666.81, 9864, 
6667.81, 9732, 
6668.81, 9732, 
6669.81, 9890, 
6670.81, 9887, 
6671.81, 9703, 
6672.81, 9859, 
6673.81, 9762, 
6674.81, 9868, 
6675.81, 9861, 
6676.81, 9845, 
6677.81, 9250, 
6678.81, 9554, 
6679.81, 9881, 
6680.81, 9890, 
6681.81, 9855, 
6682.81, 9863, 
6683.81, 9874, 
6684.81, 9858, 
6685.81, 9890, 
6686.81, 9870, 
6687.81, 9837, 
6688.81, 9788, 
6689.81, 9890, 
6690.81, 9687, 
6691.81, 9899, 
6692.81, 9809, 
6693.81, 9868, 
6694.81, 9838, 
6695.81, 9832, 
6696.81, 9725, 
6697.81, 9863, 
6698.81, 9778, 
6699.81, 9871, 
6700.81, 9870, 
6701.81, 9849, 
6702.81, 9873, 
6703.81, 9862, 
6704.81, 9865, 
6705.81, 9887, 
6706.81, 9881, 
6707.81, 9795, 
6708.81, 9799, 
6709.81, 9855, 
6710.81, 9879, 
6711.81, 9645, 
6712.81, 9881, 
6713.81, 9278, 
6714.81, 9833, 
6715.81, 9875, 
6716.81, 9889, 
6717.81, 8362, 
6718.81, 9886, 
6719.81, 9695, 
6720.81, 9830, 
6721.81, 7713, 
6722.81, 9815, 
6723.81, 9870, 
6724.81, 9823, 
6725.81, 9809, 
6726.81, 9635, 
6727.81, 9867, 
6728.81, 9875, 
6729.81, 9788, 
6730.81, 9886, 
6731.81, 9868, 
6732.81, 9883, 
6733.81, 9864, 
6734.81, 9893, 
6735.81, 9780, 
6736.81, 9886, 
6737.81, 9843, 
6738.81, 9456, 
6739.81, 9897, 
6740.81, 9889, 
6741.81, 9781, 
6742.81, 9869, 
6743.81, 9847, 
6744.81, 9876, 
6745.81, 9886, 
6746.81, 9877, 
6747.81, 9834, 
6748.81, 9337, 
6749.81, 9871, 
6750.81, 9872, 
6751.81, 9833, 
6752.81, 9392, 
6753.81, 9845, 
6754.81, 9773, 
6755.81, 9879, 
6756.81, 9831, 
6757.81, 9863, 
6758.81, 9700, 
6759.81, 9880, 
6760.81, 9885, 
6761.81, 9871, 
6762.81, 9863, 
6763.81, 9837, 
6764.81, 9829, 
6765.81, 9754, 
6766.81, 9778, 
6767.81, 4497, 
6768.81, 9807, 
6769.81, 9847, 
6770.81, 9827, 
6771.81, 9893, 
6772.81, 9884, 
6773.81, 9874, 
6774.81, 9738, 
6775.81, 9901, 
6776.81, 9893, 
6777.81, 9798, 
6778.81, 9877, 
6779.81, 9872, 
6780.81, 9854, 
6781.81, 9767, 
6782.81, 9870, 
6783.81, 9682, 
6784.81, 9777, 
6785.81, 9687, 
6786.81, 8925, 
6787.81, 9902, 
6788.81, 9908, 
6789.81, 9894, 
6790.81, 9883, 
6791.81, 9908, 
6792.81, 9864, 
6793.81, 9865, 
6794.81, 9876, 
6795.81, 9445, 
6796.81, 9800, 
6797.81, 9881, 
6798.81, 9790, 
6799.81, 9858, 
6800.81, 9842, 
6801.81, 9851, 
6802.81, 9853, 
6803.81, 9648, 
6804.81, 9885, 
6805.81, 9812, 
6806.81, 7966, 
6807.81, 9862, 
6808.81, 9835, 
6809.81, 9877, 
6810.81, 9862, 
6811.81, 9877, 
6812.81, 9870, 
6813.81, 9784, 
6814.81, 9802, 
6815.81, 9852, 
6816.81, 9870, 
6817.81, 9871, 
6818.81, 9868, 
6819.81, 9832, 
6820.81, 9823, 
6821.81, 9865, 
6822.81, 9892, 
6823.81, 9897, 
6824.81, 9690, 
6825.81, 9894, 
6826.81, 9882, 
6827.81, 9788, 
6828.81, 9812, 
6829.81, 9861, 
6830.81, 9830, 
6831.81, 9859, 
6832.81, 9869, 
6833.81, 9877, 
6834.81, 9860, 
6835.81, 9868, 
6836.81, 9842, 
6837.81, 9881, 
6838.81, 8101, 
6839.81, 7637, 
6840.81, 9858, 
6841.81, 9780, 
6842.81, 9595, 
6843.81, 9630, 
6844.81, 9837, 
6845.81, 9865, 
6846.81, 9863, 
6847.81, 9863, 
6848.81, 9821, 
6849.81, 9886, 
6850.81, 9868, 
6851.81, 9873, 
6852.81, 9841, 
6853.81, 9847, 
6854.81, 8865, 
6855.81, 9524, 
6856.81, 9883, 
6857.81, 9808, 
6858.81, 9878, 
6859.81, 9864, 
6860.81, 9613, 
6861.81, 9808, 
6862.81, 9902, 
6863.81, 9871, 
6864.81, 9900, 
6865.81, 9876, 
6866.81, 9890, 
6867.19, 1327, O2  B 
6868.19, 5001, 
6869.19, 8529, 
6870.19, 9124, 
6871.19, 6863, 
6872.19, 3968, 
6873.19, 9657, 
6874.19, 9642, 
6875.19, 9637, 
6876.19, 9713, 
6877.19, 9669, 
6878.19, 9767, 
6879.19, 8744, 
6880.19, 9742, 
6881.19, 9881, 
6882.19, 9876, 
6883.19, 9713, 
6884.19, 9799, 
6885.19, 9825, 
6886.19, 9494, 
6887.19, 9500, 
6888.19, 9826, 
6889.19, 9435, 
6890.19, 9373, 
6891.19, 9820, 
6892.19, 8895, 
6893.19, 7286, 
6894.19, 9784, 
6895.19, 9580, 
6896.19, 8838, 
6897.19, 9348, 
6898.19, 9753, 
6899.19, 9824, 
6900.19, 9500, 
6901.19, 9613, 
6902.19, 9871, 
6903.19, 9833, 
6904.19, 7389, 
6905.19, 9188, 
6906.19, 9596, 
6907.19, 9811, 
6908.19, 9721, 
6909.19, 9628, 
6910.19, 9770, 
6911.19, 9840, 
6912.19, 9874, 
6913.19, 670, 
6914.19, 9215, 
6915.19, 9879, 
6916.19, 9869, 
6917.19, 9798, 
6918.19, 9026, 
6919.19, 9725, 
6920.19, 9373, 
6921.19, 9849, 
6922.19, 9854, 
6923.19, 9583, 
6924.19, 3317, 
6925.19, 9252, 
6926.19, 9516, 
6927.19, 9862, 
6928.19, 9667, 
6929.19, 9738, 
6930.19, 9893, 
6931.19, 9870, 
6932.19, 9527, 
6933.19, 9724, 
6934.19, 9885, 
6935.19, 9797, 
6936.19, 9870, 
6937.19, 9769, 
6938.19, 9726, 
6939.19, 9881, 
6940.19, 8382, 
6941.19, 9407, 
6942.19, 9613, 
6943.19, 9827, 
6944.19, 9884, 
6945.19, 4222, 
6946.19, 9864, 
6947.19, 9849, 
6948.19, 9867, 
6949.19, 9818, 
6950.19, 9890, 
6951.19, 7917, 
6952.19, 9859, 
6953.19, 9479, 
6954.19, 9853, 
6955.19, 9720, 
6956.19, 9827, 
6957.19, 9841, 
6958.19, 9866, 
6959.19, 9838, 
6960.19, 9731, 
6961.19, 9700, 
6962.19, 9848, 
6963.19, 9858, 
6964.19, 9859, 
6965.19, 9714, 
6966.19, 9777, 
6967.19, 9879, 
6968.19, 9886, 
6969.19, 9877, 
6970.19, 9784, 
6971.19, 9719, 
6972.19, 9854, 
6973.19, 9870, 
6974.19, 9802, 
6975.19, 9735, 
6976.19, 9586, 
6977.19, 9858, 
6978.19, 9686, 
6979.19, 9483, 
6980.19, 9851, 
6981.19, 9817, 
6982.19, 9758, 
6983.19, 9859, 
6984.19, 9838, 
6985.19, 9880, 
6986.19, 9873, 
6987.19, 9874, 
6988.19, 9867, 
6989.19, 9851, 
6990.19, 9818, 
6991.19, 9855, 
6992.19, 9832, 
6993.19, 9839, 
6994.19, 9814, 
6995.19, 9851, 
6996.19, 9880, 
6997.19, 9727, 
6998.19, 9833, 
6999.19, 9671, 
7000.19, 9827, 
7001.19, 9819, 
7002.19, 9775, 
7003.19, 9828, 
7004.19, 9814, 
7005.19, 9766, 
7006.19, 9665, 
7007.19, 9793, 
7008.19, 9811, 
7009.19, 9793, 
7010.19, 9872, 
7011.19, 9829, 
7012.19, 9696, 
7013.19, 9760, 
7014.19, 9873, 
7015.19, 9754, 
7016.19, 9471, 
7017.19, 9702, 
7018.19, 9852, 
7019.19, 9775, 
7020.19, 9737, 
7021.19, 9890, 
7022.19, 9802, 
7023.19, 9760, 
7024.19, 9664, 
7025.19, 9882, 
7026.19, 9807, 
7027.19, 9808, 
7028.19, 9867, 
7029.19, 9564, 
7030.19, 9841, 
7031.19, 9849, 
7032.19, 9567, 
7033.19, 9871, 
7034.19, 9776, 
7035.19, 9578, 
7036.19, 9874, 
7037.19, 9778, 
7038.19, 6377, 
7039.19, 9825, 
7040.19, 9876, 
7041.19, 9827, 
7042.19, 9839, 
7043.19, 9867, 
7044.19, 9866, 
7045.19, 9598, 
7046.19, 9878, 
7047.19, 9785, 
7048.19, 9861, 
7049.19, 9889, 
7050.19, 9885, 
7051.19, 9867, 
7052.19, 9858, 
7053.19, 9870, 
7054.19, 9866, 
7055.19, 9820, 
7056.19, 9711, 
7057.19, 9866, 
7058.19, 9735, 
7059.19, 9730, 
7060.19, 9692, 
7061.19, 9781, 
