Wavelength (Angstroms), Normalized intensity, Element
7720.0, 9839, 
7720.1, 9834, 
7720.202, 9767, 
7720.304, 9678, 
7720.404, 9817, 
7720.506, 9841, 
7720.608, 9784, 
7720.71, 9287, 
7720.81, 9658, 
7720.912, 9814, 
7721.014, 9829, 
7721.116, 9837, 
7721.216, 9852, 
7721.318, 9841, 
7721.42, 9823, 
7721.52, 9547, 
7721.622, 9807, 
7721.724, 9824, 
7721.826, 9832, 
7721.926, 9788, 
7722.028, 9795, 
7722.13, 9778, 
7722.232, 9756, 
7722.332, 9718, 
7722.434, 9651, 
7722.536, 9490, 
7722.636, 9385, 
7722.738, 9508, 
7722.84, 9571, 
7722.942, 9637, 
7723.042, 9685, 
7723.144, 8770, 
7723.246, 7333, 
7723.348, 9636, 
7723.448, 9740, 
7723.55, 9786, 
7723.652, 9804, 
7723.752, 9819, 
7723.854, 9831, 
7723.956, 9805, 
7724.058, 9801, 
7724.158, 9823, 
7724.26, 9825, 
7724.362, 9829, 
7724.462, 9850, 
7724.564, 9807, 
7724.666, 9813, 
7724.768, 9827, 
7724.868, 9815, 
7724.97, 9802, 
7725.072, 9732, 
7725.174, 9643, 
7725.274, 9764, 
7725.376, 9852, 
7725.478, 9831, 
7725.578, 9748, 
7725.68, 9843, 
7725.782, 9530, 
7725.884, 9672, 
7725.984, 9800, 
7726.086, 9854, 
7726.188, 9865, 
7726.29, 9875, 
7726.39, 9882, 
7726.492, 9878, 
7726.594, 9858, 
7726.694, 9840, 
7726.796, 9807, 
7726.898, 9855, 
7727.0, 9847, 
7727.1, 9857, 
7727.202, 9856, 
7727.304, 9805, 
7727.404, 9653, 
7727.506, 8465, 
7727.608, 4339, 
7727.71, 8122, 
7727.81, 9568, 
7727.912, 9768, 
7728.014, 9787, 
7728.116, 9834, 
7728.216, 9847, 
7728.318, 9858, 
7728.42, 9867, 
7728.52, 9866, 
7728.622, 9874, 
7728.724, 9872, 
7728.826, 9874, 
7728.926, 9877, 
7729.028, 9877, 
7729.13, 9630, 
7729.232, 9873, 
7729.332, 9859, 
7729.434, 9823, 
7729.536, 9855, 
7729.636, 9884, 
7729.738, 9870, 
7729.84, 9878, 
7729.942, 9811, 
7730.042, 9837, 
7730.144, 9882, 
7730.246, 9765, 
7730.348, 9869, 
7730.448, 9885, 
7730.55, 9887, 
7730.652, 9888, 
7730.752, 9880, 
7730.854, 9852, 
7730.956, 9829, 
7731.058, 9819, 
7731.158, 9878, 
7731.26, 9878, 
7731.362, 9835, 
7731.462, 9865, 
7731.564, 9847, 
7731.666, 9792, 
7731.768, 9832, 
7731.868, 9816, 
7731.97, 9799, 
7732.072, 9726, 
7732.174, 9683, 
7732.274, 9607, 
7732.376, 9647, 
7732.478, 9673, 
7732.578, 9708, 
7732.68, 9735, 
7732.782, 9749, 
7732.884, 9727, 
7732.984, 9766, 
7733.086, 9698, 
7733.188, 9738, 
7733.29, 9852, 
7733.39, 9855, 
7733.492, 9860, 
7733.594, 9805, 
7733.694, 9331, 
7733.796, 9413, 
7733.898, 9687, 
7734.0, 9837, 
7734.1, 9782, 
7734.202, 9753, 
7734.304, 9803, 
7734.404, 9807, 
7734.506, 9853, 
7734.608, 9871, 
7734.71, 9864, 
7734.81, 9842, 
7734.912, 9841, 
7735.014, 9696, 
7735.116, 9871, 
7735.216, 9870, 
7735.318, 9875, 
7735.42, 9850, 
7735.52, 9828, 
7735.622, 9829, 
7735.724, 9855, 
7735.826, 9810, 
7735.926, 9710, 
7736.028, 9748, 
7736.13, 9826, 
7736.232, 9855, 
7736.332, 9876, 
7736.434, 9874, 
7736.536, 9884, 
7736.636, 9861, 
7736.738, 9833, 
7736.84, 9864, 
7736.942, 9877, 
7737.042, 9848, 
7737.144, 9855, 
7737.246, 9883, 
7737.348, 9867, 
7737.448, 9869, 
7737.55, 9842, 
7737.652, 9668, 
7737.752, 9805, 
7737.854, 9871, 
7737.956, 9873, 
7738.058, 9879, 
7738.158, 9885, 
7738.26, 9902, 
7738.362, 9880, 
7738.462, 9867, 
7738.564, 9820, 
7738.666, 9887, 
7738.768, 9867, 
7738.868, 9758, 
7738.97, 9822, 
7739.072, 9864, 
7739.174, 9871, 
7739.274, 9853, 
7739.376, 9814, 
7739.478, 9878, 
7739.578, 9869, 
7739.68, 9881, 
7739.782, 9887, 
7739.884, 9891, 
7739.984, 9774, 
7740.086, 9845, 
7740.188, 9869, 
7740.29, 9879, 
7740.39, 9882, 
7740.492, 9863, 
7740.594, 9862, 
7740.694, 9876, 
7740.796, 9877, 
7740.898, 9876, 
7741.0, 9882, 
7741.1, 9886, 
7741.202, 9870, 
7741.304, 9861, 
7741.404, 9828, 
7741.506, 9698, 
7741.608, 9719, 
7741.71, 9797, 
7741.81, 9809, 
7741.912, 9822, 
7742.014, 9795, 
7742.116, 9748, 
7742.216, 9707, 
7742.318, 9667, 
7742.42, 9516, 
7742.52, 9121, 
7742.622, 7711, 
7742.724, 5257, 
7742.826, 7657, 
7742.926, 8892, 
7743.028, 9341, 
7743.13, 9524, 
7743.232, 9537, 
7743.332, 9682, 
7743.434, 9741, 
7743.536, 9777, 
7743.636, 9800, 
7743.738, 9760, 
7743.84, 9766, 
7743.942, 9824, 
7744.042, 9801, 
7744.144, 9808, 
7744.246, 9843, 
7744.348, 9849, 
7744.448, 9871, 
7744.55, 9865, 
7744.652, 9867, 
7744.752, 9865, 
7744.854, 9833, 
7744.956, 9841, 
7745.058, 9841, 
7745.158, 9787, 
7745.26, 9810, 
7745.362, 9797, 
7745.462, 8948, 
7745.564, 8870, 
7745.666, 9757, 
7745.768, 9822, 
7745.868, 9828, 
7745.97, 9834, 
7746.072, 9865, 
7746.174, 9864, 
7746.274, 9868, 
7746.376, 9859, 
7746.478, 9741, 
7746.578, 8559, 
7746.68, 9439, 
7746.782, 9832, 
7746.884, 9860, 
7746.984, 9866, 
7747.086, 9862, 
7747.188, 9881, 
7747.29, 9875, 
7747.39, 9868, 
7747.492, 9853, 
7747.594, 9781, 
7747.694, 9866, 
7747.796, 9855, 
7747.898, 9847, 
7748.0, 9777, 
7748.1, 9528, 
7748.202, 6856, 
7748.304, 4194, 
7748.404, 8828, 
7748.506, 9657, 
7748.608, 9709, 
7748.71, 9525, 
7748.81, 7551, 
7748.912, 4532, 
7749.014, 8871, 
7749.116, 9637, 
7749.216, 9767, 
7749.318, 9796, 
7749.42, 9828, 
7749.52, 9808, 
7749.622, 9799, 
7749.724, 9852, 
7749.826, 9798, 
7749.926, 9823, 
7750.028, 9802, 
7750.13, 9846, 
7750.232, 9864, 
7750.332, 9869, 
7750.434, 9880, 
7750.536, 9879, 
7750.636, 9856, 
7750.738, 9858, 
7750.84, 9849, 
7750.942, 9739, 
7751.042, 8542, 
7751.144, 7052, 
7751.246, 9492, 
7751.348, 9803, 
7751.448, 9834, 
7751.55, 9851, 
7751.652, 9870, 
7751.752, 9871, 
7751.854, 9871, 
7751.956, 9874, 
7752.058, 9871, 
7752.158, 9852, 
7752.26, 9796, 
7752.362, 9860, 
7752.462, 9843, 
7752.564, 9866, 
7752.666, 9879, 
7752.768, 9872, 
7752.868, 9862, 
7752.97, 9873, 
7753.072, 9861, 
7753.174, 9812, 
7753.274, 9796, 
7753.376, 9836, 
7753.478, 9850, 
7753.578, 9859, 
7753.68, 9862, 
7753.782, 9845, 
7753.884, 9857, 
7753.984, 9870, 
7754.086, 9884, 
7754.188, 9882, 
7754.29, 9887, 
7754.39, 9880, 
7754.492, 9850, 
7754.594, 9870, 
7754.694, 9858, 
7754.796, 9867, 
7754.898, 9854, 
7755.0, 9789, 
7755.1, 9806, 
7755.202, 9699, 
7755.304, 9691, 
7755.404, 9755, 
7755.506, 9754, 
7755.608, 9750, 
7755.71, 9818, 
7755.81, 9837, 
7755.912, 9850, 
7756.014, 9851, 
7756.116, 9830, 
7756.216, 9851, 
7756.318, 9858, 
7756.42, 9857, 
7756.52, 9861, 
7756.622, 9843, 
7756.724, 9868, 
7756.826, 9857, 
7756.926, 9853, 
7757.028, 9859, 
7757.13, 9881, 
7757.232, 9879, 
7757.332, 9876, 
7757.434, 9869, 
7757.536, 9840, 
7757.636, 9868, 
7757.738, 9865, 
7757.84, 9872, 
7757.942, 9875, 
7758.042, 9846, 
7758.144, 9847, 
7758.246, 9861, 
7758.348, 9869, 
7758.448, 9875, 
7758.55, 9876, 
7758.652, 9868, 
7758.752, 9823, 
7758.854, 9830, 
7758.956, 9820, 
7759.058, 9825, 
7759.158, 9755, 
7759.26, 9573, 
7759.362, 9524, 
7759.462, 9596, 
7759.564, 9691, 
7759.666, 9712, 
7759.768, 9777, 
7759.868, 9795, 
7759.97, 9796, 
7760.072, 9783, 
7760.174, 9787, 
7760.274, 9765, 
7760.376, 9745, 
7760.478, 9651, 
7760.578, 9366, 
7760.68, 9088, 
7760.782, 9626, 
7760.884, 9773, 
7760.984, 9769, 
7761.086, 9784, 
7761.188, 9797, 
7761.29, 9800, 
7761.39, 9838, 
7761.492, 9847, 
7761.594, 9828, 
7761.694, 9867, 
7761.796, 9885, 
7761.898, 9891, 
7762.0, 9871, 
7762.1, 9875, 
7762.202, 9884, 
7762.304, 9883, 
7762.404, 9885, 
7762.506, 9893, 
7762.608, 9889, 
7762.71, 9895, 
7762.81, 9895, 
7762.912, 9883, 
7763.014, 9854, 
7763.116, 9879, 
7763.216, 9886, 
7763.318, 9871, 
7763.42, 9868, 
7763.52, 9864, 
7763.622, 9885, 
7763.724, 9880, 
7763.826, 9876, 
7763.926, 9882, 
7764.028, 9876, 
7764.13, 9883, 
7764.232, 9884, 
7764.332, 9890, 
7764.434, 9803, 
7764.536, 9788, 
7764.636, 9602, 
7764.738, 9754, 
7764.84, 9848, 
7764.942, 9865, 
7765.042, 9882, 
7765.144, 9858, 
7765.246, 9822, 
7765.348, 9843, 
7765.448, 9826, 
7765.55, 9840, 
7765.652, 9878, 
7765.752, 9846, 
7765.854, 9839, 
7765.956, 9883, 
7766.058, 9884, 
7766.158, 9868, 
7766.26, 9863, 
7766.362, 9873, 
7766.462, 9890, 
7766.564, 9875, 
7766.666, 9850, 
7766.768, 9867, 
7766.868, 9874, 
7766.97, 9874, 
7767.072, 9888, 
7767.174, 9885, 
7767.274, 9884, 
7767.376, 9870, 
7767.478, 9828, 
7767.578, 9877, 
7767.68, 9887, 
7767.782, 9885, 
7767.884, 9882, 
7767.984, 9877, 
7768.086, 9881, 
7768.188, 9856, 
7768.29, 9826, 
7768.39, 9854, 
7768.492, 9859, 
7768.594, 9865, 
7768.694, 9872, 
7768.796, 9875, 
7768.898, 9875, 
7769.0, 9883, 
7769.1, 9843, 
7769.202, 9877, 
7769.304, 9888, 
7769.404, 9879, 
7769.506, 9852, 
7769.608, 9827, 
7769.71, 9868, 
7769.81, 9895, 
7769.912, 9889, 
7770.014, 9876, 
7770.116, 9866, 
7770.216, 9860, 
7770.318, 9840, 
7770.42, 9886, 
7770.52, 9881, 
7770.622, 9880, 
7770.724, 9850, 
7770.826, 9843, 
7770.926, 9864, 
7771.028, 9864, 
7771.13, 9871, 
7771.232, 9871, 
7771.332, 9845, 
7771.434, 9836, 
7771.536, 9831, 
7771.636, 9742, 
7771.738, 9515, 
7771.84, 8381, 
7771.942, 6627, 
7772.042, 7765, 
7772.144, 9403, 
7772.246, 9764, 
7772.348, 9836, 
7772.448, 9866, 
7772.55, 9793, 
7772.652, 9798, 
7772.752, 9856, 
7772.854, 9818, 
7772.956, 9821, 
7773.058, 9837, 
7773.158, 9876, 
7773.26, 9887, 
7773.362, 9879, 
7773.462, 9880, 
7773.564, 9872, 
7773.666, 9866, 
7773.768, 9856, 
7773.868, 9804, 
7773.97, 9546, 
7774.072, 8261, 
7774.174, 6916, 
7774.274, 8434, 
7774.376, 9582, 
7774.478, 9817, 
7774.578, 9865, 
7774.68, 9873, 
7774.782, 9868, 
7774.884, 9852, 
7774.984, 9824, 
7775.086, 9811, 
7775.188, 9628, 
7775.29, 8596, 
7775.39, 7413, 
7775.492, 8663, 
7775.594, 9645, 
7775.694, 9823, 
7775.796, 9848, 
7775.898, 9860, 
7776.0, 9865, 
7776.1, 9867, 
7776.202, 9892, 
7776.304, 9870, 
7776.404, 9857, 
7776.506, 9855, 
7776.608, 9859, 
7776.71, 9811, 
7776.81, 9874, 
7776.912, 9848, 
7777.014, 9829, 
7777.116, 9767, 
7777.216, 9821, 
7777.318, 9861, 
7777.42, 9860, 
7777.52, 9825, 
7777.622, 9872, 
7777.724, 9883, 
7777.826, 9865, 
7777.926, 9810, 
7778.028, 9860, 
7778.13, 9876, 
7778.232, 9880, 
7778.332, 9882, 
7778.434, 9877, 
7778.536, 9879, 
7778.636, 9890, 
7778.738, 9883, 
7778.84, 9816, 
7778.942, 9852, 
7779.042, 9807, 
7779.144, 9859, 
7779.246, 9880, 
7779.348, 9869, 
7779.448, 9855, 
7779.55, 9854, 
7779.652, 9851, 
7779.752, 9842, 
7779.854, 9847, 
7779.956, 9818, 
7780.058, 9803, 
7780.158, 9720, 
7780.26, 9551, 
7780.362, 9099, 
7780.462, 7243, 
7780.564, 3884, 
7780.666, 7495, 
7780.768, 9136, 
7780.868, 9560, 
7780.97, 9704, 
7781.072, 9774, 
7781.174, 9799, 
7781.274, 9805, 
7781.376, 9849, 
7781.478, 9848, 
7781.578, 9861, 
7781.68, 9796, 
7781.782, 9856, 
7781.884, 9870, 
7781.984, 9893, 
7782.086, 9874, 
7782.188, 9869, 
7782.29, 9890, 
7782.39, 9867, 
7782.492, 9857, 
7782.594, 9866, 
7782.694, 9868, 
7782.796, 9864, 
7782.898, 9876, 
7783.0, 9883, 
7783.1, 9889, 
7783.202, 9884, 
7783.304, 9881, 
7783.404, 9885, 
7783.506, 9879, 
7783.608, 9858, 
7783.71, 9843, 
7783.81, 9856, 
7783.912, 9867, 
7784.014, 9880, 
7784.116, 9886, 
7784.216, 9856, 
7784.318, 9854, 
7784.42, 9873, 
7784.52, 9884, 
7784.622, 9888, 
7784.724, 9884, 
7784.826, 9853, 
7784.926, 9865, 
7785.028, 9875, 
7785.13, 9871, 
7785.232, 9882, 
7785.332, 9862, 
7785.434, 9869, 
7785.536, 9812, 
7785.636, 9852, 
7785.738, 9867, 
7785.84, 9877, 
7785.942, 9881, 
7786.042, 9878, 
7786.144, 9868, 
7786.246, 9830, 
7786.348, 9833, 
7786.448, 9826, 
7786.55, 9869, 
7786.652, 9873, 
7786.752, 9871, 
7786.854, 9805, 
7786.956, 9858, 
7787.058, 9866, 
7787.158, 9871, 
7787.26, 9878, 
7787.362, 9870, 
7787.462, 9828, 
7787.564, 9854, 
7787.666, 9863, 
7787.768, 9861, 
7787.868, 9864, 
7787.97, 9858, 
7788.072, 9825, 
7788.174, 9841, 
7788.274, 9857, 
7788.376, 9851, 
7788.478, 9849, 
7788.578, 9849, 
7788.68, 9782, 
7788.782, 9292, 
7788.884, 5920, 
7788.984, 5453, 
7789.086, 9453, 
7789.188, 9806, 
7789.29, 9846, 
7789.39, 9872, 
7789.492, 9874, 
7789.594, 9825, 
7789.694, 9852, 
7789.796, 9863, 
7789.898, 9823, 
7790.0, 9847, 
7790.1, 9867, 
7790.202, 9848, 
7790.304, 9795, 
7790.404, 9847, 
7790.506, 9876, 
7790.608, 9840, 
7790.71, 9833, 
7790.81, 9878, 
7790.912, 9871, 
7791.014, 9875, 
7791.116, 9835, 
7791.216, 9869, 
7791.318, 9867, 
7791.42, 9860, 
7791.52, 9875, 
7791.622, 9879, 
7791.724, 9861, 
7791.826, 9856, 
7791.926, 9880, 
7792.028, 9880, 
7792.13, 9886, 
7792.232, 9866, 
7792.332, 9851, 
7792.434, 9861, 
7792.536, 9871, 
7792.636, 9867, 
7792.738, 9874, 
7792.84, 9876, 
7792.942, 9821, 
7793.042, 9858, 
7793.144, 9879, 
7793.246, 9883, 
7793.348, 9864, 
7793.448, 9878, 
7793.55, 9883, 
7793.652, 9873, 
7793.752, 9868, 
7793.854, 9869, 
7793.956, 9884, 
7794.058, 9888, 
7794.158, 9880, 
7794.26, 9844, 
7794.362, 9793, 
7794.462, 9861, 
7794.564, 9856, 
7794.666, 9844, 
7794.768, 9872, 
7794.868, 9863, 
7794.97, 9859, 
7795.072, 9890, 
7795.174, 9876, 
7795.274, 9832, 
7795.376, 9862, 
7795.478, 9881, 
7795.578, 9883, 
7795.68, 9877, 
7795.782, 9871, 
7795.884, 9843, 
7795.984, 9828, 
7796.086, 9886, 
7796.188, 9884, 
7796.29, 9886, 
7796.39, 9877, 
7796.492, 9871, 
7796.594, 9866, 
7796.694, 9876, 
7796.796, 9880, 
7796.898, 9869, 
7797.0, 9855, 
7797.1, 9859, 
7797.202, 9839, 
7797.304, 9798, 
7797.404, 9623, 
7797.506, 7787, 
7797.608, 5057, 
7797.71, 9073, 
7797.81, 9708, 
7797.912, 9812, 
7798.014, 9840, 
7798.116, 9859, 
7798.216, 9857, 
7798.318, 9840, 
7798.42, 9850, 
7798.52, 9838, 
7798.622, 9794, 
7798.724, 9760, 
7798.826, 9628, 
7798.926, 9722, 
7799.028, 9761, 
7799.13, 9553, 
7799.232, 9464, 
7799.332, 9653, 
7799.434, 9789, 
7799.536, 9792, 
7799.636, 9759, 
7799.738, 9658, 
7799.84, 9340, 
7799.942, 7774, 
7800.042, 7515, 
7800.144, 9037, 
7800.246, 9316, 
7800.348, 9548, 
7800.448, 9741, 
7800.55, 9741, 
7800.652, 9768, 
7800.752, 9821, 
7800.854, 9839, 
7800.956, 9839, 
7801.058, 9829, 
7801.158, 9758, 
7801.26, 9783, 
7801.362, 9843, 
7801.462, 9855, 
7801.564, 9865, 
7801.666, 9879, 
7801.768, 9860, 
7801.868, 9865, 
7801.97, 9857, 
7802.072, 9857, 
7802.174, 9859, 
7802.274, 9859, 
7802.376, 9651, 
7802.478, 8673, 
7802.578, 9651, 
7802.68, 9826, 
7802.782, 9804, 
7802.884, 9861, 
7802.984, 9864, 
7803.086, 9863, 
7803.188, 9866, 
7803.29, 9865, 
7803.39, 9871, 
7803.492, 9875, 
7803.594, 9881, 
7803.694, 9886, 
7803.796, 9883, 
7803.898, 9891, 
7804.0, 9847, 
7804.1, 9855, 
7804.202, 9872, 
7804.304, 9893, 
7804.404, 9891, 
7804.506, 9875, 
7804.608, 9820, 
7804.71, 9832, 
7804.81, 9868, 
7804.912, 9885, 
7805.014, 9895, 
7805.116, 9870, 
7805.216, 9850, 
7805.318, 9881, 
7805.42, 9881, 
7805.52, 9885, 
7805.622, 9839, 
7805.724, 9880, 
7805.826, 9854, 
7805.926, 9857, 
7806.028, 9869, 
7806.13, 9871, 
7806.232, 9882, 
7806.332, 9853, 
7806.434, 9880, 
7806.536, 9861, 
7806.636, 9820, 
7806.738, 9844, 
7806.84, 9870, 
7806.942, 9865, 
7807.042, 9883, 
7807.144, 9846, 
7807.246, 9834, 
7807.348, 9857, 
7807.448, 9845, 
7807.55, 9855, 
7807.652, 9834, 
7807.752, 9609, 
7807.854, 7533, 
7807.956, 6893, 
7808.058, 9449, 
7808.158, 9801, 
7808.26, 9872, 
7808.362, 9887, 
7808.462, 9864, 
7808.564, 9863, 
7808.666, 9885, 
7808.768, 9877, 
7808.868, 9888, 
7808.97, 9898, 
7809.072, 9891, 
7809.174, 9889, 
7809.274, 9882, 
7809.376, 9894, 
7809.478, 9896, 
7809.578, 9877, 
7809.68, 9866, 
7809.782, 9858, 
7809.884, 9882, 
7809.984, 9858, 
7810.086, 9777, 
7810.188, 9837, 
7810.29, 9833, 
7810.39, 9835, 
7810.492, 9809, 
7810.594, 9768, 
7810.694, 9563, 
7810.796, 8454, 
7810.898, 9180, 
7811.0, 9427, 
7811.1, 9072, 
7811.202, 9087, 
7811.304, 9326, 
7811.404, 9510, 
7811.506, 9625, 
7811.608, 9704, 
7811.71, 9737, 
7811.81, 9768, 
7811.912, 9789, 
7812.014, 9785, 
7812.116, 9842, 
7812.216, 9856, 
7812.318, 9819, 
7812.42, 9852, 
7812.52, 9854, 
7812.622, 9858, 
7812.724, 9872, 
7812.826, 9877, 
7812.926, 9882, 
7813.028, 9881, 
7813.13, 9860, 
7813.232, 9874, 
7813.332, 9875, 
7813.434, 9873, 
7813.536, 9854, 
7813.636, 9702, 
7813.738, 9832, 
7813.84, 9883, 
7813.942, 9879, 
7814.042, 9879, 
7814.144, 9880, 
7814.246, 9844, 
7814.348, 9860, 
7814.448, 9878, 
7814.55, 9871, 
7814.652, 9879, 
7814.752, 9873, 
7814.854, 9854, 
7814.956, 9880, 
7815.058, 9878, 
7815.158, 9879, 
7815.26, 9875, 
7815.362, 9867, 
7815.462, 9865, 
7815.564, 9838, 
7815.666, 9845, 
7815.768, 9816, 
7815.868, 9792, 
7815.97, 9835, 
7816.072, 9843, 
7816.174, 9853, 
7816.274, 9863, 
7816.376, 9879, 
7816.478, 9870, 
7816.578, 9854, 
7816.68, 9864, 
7816.782, 9870, 
7816.884, 9861, 
7816.984, 9879, 
7817.086, 9879, 
7817.188, 9868, 
7817.29, 9808, 
7817.39, 9869, 
7817.492, 9879, 
7817.594, 9879, 
7817.694, 9863, 
7817.796, 9868, 
7817.898, 9808, 
7818.0, 9833, 
7818.1, 9850, 
7818.202, 9872, 
7818.304, 9890, 
7818.404, 9897, 
7818.506, 9884, 
7818.608, 9845, 
7818.71, 9828, 
7818.81, 9857, 
7818.912, 9865, 
7819.014, 9878, 
7819.116, 9884, 
7819.216, 9881, 
7819.318, 9862, 
7819.42, 9860, 
7819.52, 9877, 
7819.622, 9885, 
7819.724, 9891, 
7819.826, 9887, 
7819.926, 9857, 
